45.79.86.220, 45.79.86.220, US
172.232.157.208, 172.232.157.208, SE
172.233.130.12, 2a01:7e03::f03c:94ff:febd:f0b5, US
172.104.124.98, 172.104.124.98, JP
173.255.241.158, 173.255.241.158, US
139.162.195.115, 139.162.195.115, GB
172.233.243.65, 91.107.141.101, DE
172.232.53.114, 172.232.53.114, FR
172.233.148.248, 172.233.148.248, US
139.162.180.44, 2a01:7e01::f03c:94ff:fe25:3b67, DE
172.104.136.209, 2a01:7e01::f03c:94ff:fe25:b4e4, DE
172.232.134.32, 172.232.134.32, SE
172.235.62.41, 172.235.62.236, US
198.58.119.111, 198.58.119.111, US
172.233.66.118, 154.16.248.234, JP
172.105.78.175, 172.105.78.175, DE
172.233.67.49, 61.224.70.142, TW
172.104.253.28, 172.104.253.28, DE
45.79.121.40, 45.79.121.40, IN
139.162.1.119, 139.162.1.119, SG
178.79.189.121, 2a01:7e00::f03c:94ff:fe03:be7f, GB
172.232.157.58, 172.232.157.58, SE
139.162.60.187, 139.162.60.187, SG
172.235.63.186, 172.233.143.205, US
50.116.4.35, 50.116.4.35, US
172.233.175.110, 172.233.175.110, US
172.233.247.232, 2600:3c07::f03c:94ff:fe25:6555, FR
45.79.194.60, 45.79.194.60, US
139.162.53.111, 139.162.53.111, SG
172.232.152.160, 2600:3c09::f03c:94ff:fe35:669a, SE
172.232.142.83, 172.233.131.65, US
172.234.99.224, 172.233.136.87, US
139.162.166.226, 139.162.166.226, DE
172.235.63.251, 172.235.63.251, US
172.233.57.97, 172.233.57.97, NL
172.232.1.19, 172.232.1.19, US
172.234.90.216, 172.234.90.216, JP
172.232.186.35, 172.232.186.35, US
172.232.144.24, 2600:3c09::f03c:94ff:fe92:44fb, SE
143.42.114.57, 2600:3c03::f03c:93ff:feda:666b, US
172.234.120.235, 2600:3c09::f03c:94ff:febd:54f1, SE
45.79.86.248, 45.79.86.248, US
192.155.87.219, 192.155.87.219, US
172.235.62.44, 172.233.143.47, US
172.232.157.179, 2600:3c09::f03c:94ff:fe39:7726, SE
172.233.128.70, 172.233.128.70, US
139.144.199.189, 2600:3c05::f03c:94ff:feb4:bf7b, US
172.104.63.96, 172.104.63.96, SG
192.46.227.131, 210.3.205.198, HK
45.56.120.20, 2600:3c00::f03c:94ff:fecf:fe58, US
172.104.225.44, 2a01:7e01::f03c:94ff:fea7:9d3f, DE
45.33.98.86, 192.166.82.113, US
176.58.106.134, 176.58.106.134, GB
139.144.77.74, 139.144.77.74, DE
172.104.101.112, 172.104.101.112, JP
172.233.144.190, 172.233.143.199, US
172.232.56.181, 172.232.56.181, FR
172.233.157.206, 172.233.157.206, US
139.162.228.192, 139.162.228.192, GB
172.235.62.236, 172.235.62.236, US
212.71.234.175, 212.71.234.175, GB
172.233.90.99, 172.233.90.99, JP
45.33.55.88, 45.33.55.88, US
139.162.54.112, 2400:8901::f03c:94ff:fe59:fd4a, SG
172.232.152.170, 172.232.152.170, SE
172.234.99.227, 172.234.99.227, SE
172.233.142.16, 172.233.131.65, US
23.239.0.170, 23.239.0.170, US
172.105.251.221, 172.105.251.221, DE
23.239.28.66, 2600:3c00::f03c:93ff:fe29:80b6, US
74.207.241.188, 74.207.241.188, US
172.232.146.92, 172.232.146.92, SE
139.162.253.247, 2a01:7e00::f03c:94ff:fecf:7e2f, GB
172.234.89.58, 172.234.89.58, JP
172.234.90.16, 172.234.90.16, JP
139.162.208.170, 139.162.208.170, GB
23.92.16.97, 2600:3c03::f03c:94ff:fe0f:b8b2, US
194.195.245.181, 194.195.245.181, DE
139.162.16.182, 139.162.16.182, SG
172.234.120.250, 2600:3c09::f03c:94ff:febd:54f1, SE
192.46.209.161, 192.46.209.161, IN
172.233.40.78, 172.233.40.78, NL
172.104.228.62, 172.104.228.62, DE
172.104.52.55, 172.104.52.55, SG
139.162.51.226, 139.162.51.226, SG
172.233.129.11, 172.233.129.11, US
172.232.134.158, 2600:3c09::f03c:94ff:fecc:48af, SE
172.105.92.41, 172.105.92.41, DE
172.233.39.177, 172.233.39.177, NL
172.233.142.107, 172.233.142.107, US
173.255.241.48, 173.255.241.48, US
172.232.129.109, 172.232.129.109, SE
172.235.51.150, 172.233.157.7, US
172.235.63.182, 172.233.131.238, US
172.232.56.88, 172.232.56.88, FR
172.232.134.236, 2600:3c09::f03c:94ff:fecc:482a, SE
45.79.239.27, 45.79.239.27, AU
139.144.201.57, 91.107.141.101, DE
172.105.83.107, 172.105.83.107, DE
172.232.134.202, 2600:3c09::f03c:94ff:fe39:7797, SE
173.230.148.186, 173.230.148.186, US
139.144.99.5, 2400:8907::f03c:93ff:fe9a:bed, AU
139.162.201.132, 195.201.198.107, DE
172.233.40.207, 172.233.40.207, NL
172.235.61.250, 172.235.61.250, US
139.177.184.166, 139.177.184.166, SG
45.79.221.214, 2600:3c02::f03c:93ff:feda:66b8, US
192.46.214.34, 192.46.214.34, IN
139.162.149.93, 2a01:7e01::f03c:93ff:fe11:9e2d, DE
139.177.195.121, 139.177.195.121, CA
172.234.40.182, 172.234.40.182, US
172.105.197.221, 2400:8902::f03c:91ff:fef2:8920, JP
172.232.187.214, 172.232.187.214, US
172.105.120.87, 172.105.120.87, SG
170.187.228.65, 170.187.228.65, SG
45.56.88.39, 45.56.88.39, US
172.234.120.208, 2600:3c09::f03c:94ff:febd:54f1, SE
143.42.187.209, 143.42.187.209, US
172.232.134.174, 2600:3c09::f03c:94ff:fecc:4831, SE
172.234.96.60, 2600:3c09::f03c:94ff:fecc:48c2, SE
139.162.181.39, 139.162.181.39, DE
192.46.214.80, 192.46.214.80, IN
172.232.134.231, 172.233.136.244, US
172.233.163.104, 172.233.163.104, US
139.162.186.12, 2a01:7e01::f03c:94ff:fe0f:8b0f, DE
172.233.39.12, 2600:3c0e::f03c:94ff:fe3e:6781, NL
172.234.27.213, 172.234.27.213, US
172.104.189.140, 2a09:bac5:55f6:1d05::2e4:6, SG
172.234.89.110, 172.234.89.110, JP
172.232.190.248, 172.232.190.248, US
143.42.17.72, 2a01:7e01::f03c:93ff:fe58:7ac5, DE
143.42.29.168, 143.42.29.168, DE
66.228.51.241, 66.228.51.241, US
172.232.134.58, 172.232.134.58, SE
172.232.148.171, 172.232.148.171, SE
45.33.101.184, 45.33.101.184, US
172.233.129.53, 172.233.157.16, US
45.79.110.156, 192.155.87.219, US
45.79.168.17, 2600:3c03::f03c:91ff:fe98:23fb, US
172.104.191.203, 172.104.191.203, SG
172.105.20.227, 172.105.20.227, CA
172.235.62.40, 172.235.62.236, US
139.162.157.23, 2a01:7e01::f03c:93ff:fe91:919b, DE
172.105.34.50, 172.105.34.50, IN
139.162.156.234, 139.162.156.234, DE
45.33.22.33, 2600:3c00:e000:3f5::8d93:73ab, US
172.232.134.60, 2600:3c09::f03c:94ff:fecc:4874, SE
172.232.157.232, 2600:3c09::f03c:94ff:fe39:7770, SE
172.232.159.101, 172.233.136.89, US
170.187.226.208, 170.187.226.208, SG
